12 34 00 03 07 01 
12 34 01 03 07 01 
12 34 01 03 07 01 
12 34 00 03 07 01 
12 34 00 03 07 01 
12 34 00 03 07 01 
12 34 00 03 07 01 
12 34 01 03 07 01 
12 34 00 03 07 01 
12 34 00 03 07 01 
12 34 01 03 07 01 
12 34 01 03 07 01 
12 34 00 03 07 02 
12 34 00 03 07 01 
12 34 00 03 07 01 
12 34 01 03 07 02 
12 34 00 03 07 01 
12 34 01 03 07 10 
12 34 01 03 07 10 
12 34 00 03 07 01 
12 34 00 03 07 01 
12 34 00 03 07 01 
12 34 00 03 07 01 
12 34 01 03 07 02 
12 34 01 03 07 02 
12 34 F1 03 07 02 
12 34 F1 03 07 02 
12 34 01 03 07 01 
12 34 01 03 07 01 
12 34 01 03 07 01 
12 34 01 03 07 01 
12 34 01 03 07 11 
12 34 01 03 07 11 
12 34 00 03 07 02 
12 34 00 03 07 02 
12 34 01 03 07 01 
12 34 00 03 07 01 
12 34 00 03 07 01 
12 34 00 03 07 02 
12 34 00 03 07 02 
12 34 00 03 07 01 
12 34 00 03 07 01 
12 34 00 03 07 01 
12 34 00 03 07 01 
12 34 00 03 07 01 
12 34 01 03 07 02 
12 34 01 03 07 01 
12 34 01 03 07 01 
12 34 01 03 07 02 
12 34 01 03 07 02 
12 34 F0 03 07 02 
12 34 F0 03 07 F1 
12 34 F0 03 07 F1 
12 34 01 03 07 F1 
12 34 01 03 07 F1 
12 34 01 03 07 01 
12 34 01 03 07 01 
12 34 00 03 07 02 
12 34 00 03 07 02 
12 34 00 03 07 01 
12 34 00 03 07 01 
12 34 00 03 07 01 
12 34 00 03 07 01 
12 34 00 03 07 01 
12 34 00 03 07 01 
12 34 00 03 07 01 
12 34 00 03 07 01 
12 34 01 03 07 02 
12 34 00 03 07 01 
12 34 00 03 07 01 
12 34 01 03 07 01 
12 34 01 03 07 01 
12 34 01 03 07 00 
12 34 00 03 07 02 
12 34 00 03 07 02 
12 34 01 03 07 01 
12 34 00 03 07 01 
12 34 01 03 07 02 
12 34 01 03 07 02 
12 34 01 03 07 01 
12 34 01 03 07 01 
12 34 01 03 07 02 
12 34 01 03 07 11 
12 34 00 03 07 01 
12 34 00 03 07 01 
12 34 01 03 07 01 
12 34 01 03 07 01 
12 34 00 03 07 02 
12 34 00 03 07 02 
12 34 01 03 07 01 
12 34 01 03 07 01 
12 34 01 03 07 01 
12 34 01 03 07 01 
12 34 01 03 07 01 
12 34 01 03 07 01 
12 34 00 03 06 01 
12 34 00 03 06 01 
12 34 00 03 06 01 
12 34 00 03 06 01 
12 34 00 03 06 01 
12 34 01 03 06 01 
12 34 01 03 06 01 
12 34 00 03 06 01 
12 34 00 03 06 01 
12 34 F0 02 06 01 
12 34 01 02 06 01 
12 34 01 02 06 01 
12 34 01 02 06 01 
12 34 01 02 06 01 
12 34 01 02 06 01 
12 34 01 02 06 01 
12 34 00 02 06 01 
12 34 01 02 06 00 
12 34 01 02 06 01 
12 34 01 02 06 01 
12 34 00 02 06 01 
12 34 00 02 06 01 
12 34 01 02 06 01 
12 34 01 02 06 01 
12 34 01 02 06 02 
12 34 01 02 06 02 
12 34 01 02 06 02 
12 34 00 02 06 02 
12 34 00 02 06 02 
12 34 01 02 06 01 
12 34 01 02 06 01 
12 34 00 02 06 01 
12 34 00 02 06 02 
12 34 00 02 06 02 
12 34 01 02 06 02 
12 34 01 02 06 02 
12 34 00 02 06 01 
12 34 00 02 06 01 
12 34 00 02 06 01 
12 34 01 02 06 01 
12 34 01 02 06 02 
12 34 00 02 06 01 
12 34 00 02 06 01 
12 34 01 02 06 02 
12 34 01 02 06 02 
12 34 11 02 06 01 
12 34 00 02 06 01 
12 34 01 02 06 11 
12 34 01 02 06 11 
12 34 00 02 06 02 
12 34 00 02 06 02 
12 34 10 02 06 11 
12 34 10 02 06 11 
12 34 00 02 06 02 
12 34 00 02 06 02 
12 34 01 02 06 02 
12 34 01 02 06 02 
12 34 01 02 07 02 
12 34 01 02 07 02 
12 34 F1 03 08 02 
12 34 F1 03 08 02 
12 34 01 03 09 03 
12 34 00 03 0A 02 
12 34 00 03 0A 02 
12 34 01 04 0B 02 
12 34 01 04 0B 02 
12 34 01 05 0C 02 
12 34 01 05 0C 02 
12 34 01 06 0C 02 
12 34 00 06 0D 02 
12 34 01 08 0F 04 
12 34 01 08 0F 04 
12 34 01 0B 13 04 
12 34 01 0E 16 04 
12 34 01 0E 16 04 
12 34 00 12 18 03 
12 34 00 15 18 02 
12 34 01 17 18 03 
12 34 01 17 18 03 
12 34 00 18 18 03 
12 34 00 18 18 03 
12 34 01 19 17 02 
12 34 01 19 17 02 
12 34 01 19 17 03 
12 34 01 19 17 03 
12 34 01 1A 19 05 
12 34 01 1A 19 05 
12 34 00 1C 1B 04 
12 34 00 1C 1B 04 
12 34 01 1D 1C 04 
12 34 10 1F 1C 04 
12 34 10 1F 1C 04 
12 34 01 1F 1D 04 
12 34 01 1F 1D 04 
12 34 01 1F 1D 04 
12 34 F1 20 1D F3 
12 34 00 21 1C 02 
12 34 00 21 1C 02 
12 34 01 20 1B 02 
12 34 00 1F 1A 02 
12 34 00 1E 19 02 
12 34 00 1E 19 02 
12 34 01 1C 18 02 
12 34 01 1B 17 02 
12 34 01 1B 17 02 
12 34 01 1A 16 02 
12 34 00 18 15 02 
12 34 F0 17 14 11 
12 34 F0 17 14 11 
12 34 F1 16 13 02 
12 34 F1 16 13 02 
12 34 01 15 13 01 
12 34 01 15 13 01 
12 34 01 14 12 02 
12 34 01 14 12 02 
12 34 00 13 11 01 
12 34 00 13 11 01 
12 34 00 12 11 01 
12 34 00 12 11 01 
12 34 01 11 10 01 
12 34 01 10 10 01 
12 34 01 10 10 01 
12 34 00 0F 0F 11 
12 34 00 0F 0F 11 
12 34 01 0E 0F 01 
12 34 01 0E 0F 01 
12 34 00 0D 0E 01 
12 34 01 0D 0E 02 
12 34 01 0C 0D 01 
12 34 01 0C 0D 01 
12 34 00 0B 0D 02 
12 34 01 0B 0C 11 
12 34 01 0B 0C 11 
12 34 01 0A 0C 01 
12 34 00 09 0C 01 
12 34 01 09 0B 02 
12 34 01 09 0B 02 
12 34 01 08 0B 01 
12 34 01 08 0B 01 
12 34 00 08 0B 01 
12 34 00 08 0B 01 
12 34 01 08 0B 01 
12 34 01 08 0B 01 
12 34 01 08 0B 02 
12 34 01 08 0B 02 
12 34 01 08 0A 01 
12 34 01 08 0A 01 
12 34 00 07 0A 01 
12 34 00 07 0A 01 
12 34 00 07 0A 01 
12 34 01 07 0A F1 
12 34 01 07 0A F1 
12 34 01 07 0A 02 
12 34 01 07 0A 02 
12 34 01 06 0A 01 
12 34 01 06 0A 01 
12 34 01 06 09 01 
12 34 00 06 09 F1 
12 34 00 06 09 F1 
12 34 01 06 09 01 
12 34 01 06 09 01 
12 34 00 05 09 02 
12 34 01 05 09 01 
12 34 01 05 09 01 
12 34 01 05 09 01 
12 34 F1 05 08 01 
12 34 F1 05 08 01 
12 34 00 05 08 02 
12 34 00 05 08 02 
12 34 00 05 08 02 
12 34 00 05 08 02 
12 34 01 05 08 01 
12 34 01 05 08 01 
12 34 01 04 08 01 
12 34 01 04 08 01 
12 34 01 04 08 02 
12 34 01 04 08 02 
12 34 00 04 08 02 
12 34 00 04 08 02 
12 34 02 04 08 01 
12 34 00 04 08 01 
12 34 00 04 08 01 
12 34 00 04 08 02 
12 34 00 04 08 02 
12 34 01 04 08 01 
12 34 01 04 08 01 
12 34 01 04 07 01 
12 34 01 04 07 02 
12 34 00 04 07 01 
12 34 00 04 07 01 
12 34 00 04 07 01 
12 34 00 04 07 01 
12 34 00 04 07 01 
12 34 11 04 07 01 
12 34 00 04 07 01 
12 34 01 04 07 01 
12 34 01 04 07 01 
12 34 01 04 07 02 
12 34 01 04 07 02 
12 34 00 04 07 01 
12 34 00 04 07 01 
12 34 01 04 07 01 
12 34 01 04 07 01 
12 34 01 04 07 01 
12 34 01 04 07 01 
12 34 00 04 07 01 
12 34 00 04 07 01 
12 34 00 04 07 01 
12 34 00 04 07 01 
12 34 01 03 07 02 
12 34 01 03 07 02 
12 34 00 03 07 01 
12 34 00 03 07 01 
12 34 00 03 07 01 
12 34 00 03 06 01 
12 34 00 03 06 01 
12 34 01 03 06 01 
12 34 00 03 06 01 
12 34 00 03 06 01 
12 34 00 03 06 01 
12 34 00 03 06 01 
12 34 01 03 06 01 
12 34 01 03 06 01 
12 34 01 03 06 12 
12 34 01 03 06 12 
12 34 F1 03 06 01 
12 34 00 03 06 01 
12 34 01 02 06 02 
12 34 01 02 06 02 
12 34 01 02 06 02 
12 34 00 02 06 01 
12 34 00 02 06 01 
12 34 00 02 06 01 
12 34 00 02 06 01 
12 34 01 02 06 01 
12 34 01 02 06 01 
12 34 01 02 06 01 
12 34 01 02 06 01 
12 34 00 02 06 02 
12 34 01 02 06 11 
12 34 01 02 06 11 
12 34 00 02 06 01 
12 34 00 02 06 01 
12 34 01 02 06 01 
12 34 01 02 06 01 
12 34 01 02 06 02 
12 34 00 02 06 01 
12 34 01 02 06 01 
12 34 01 02 06 01 
12 34 00 02 06 01 
12 34 10 02 06 01 
12 34 10 02 06 01 
12 34 01 02 06 01 
12 34 01 02 06 02 
12 34 00 02 06 01 
12 34 00 02 06 01 
12 34 00 02 06 02 
12 34 00 02 06 02 
12 34 00 02 05 01 
12 34 00 02 05 01 
12 34 00 02 05 02 
12 34 00 02 05 02 
12 34 01 02 05 01 
12 34 01 02 05 01 
12 34 00 02 05 02 
12 34 00 02 05 02 
12 34 01 02 05 01 
12 34 01 02 05 01 
12 34 01 02 05 01 
12 34 01 02 05 01 
12 34 01 02 05 01 
12 34 02 02 05 01 
12 34 02 02 05 01 
12 34 00 02 05 01 
12 34 00 02 05 01 
12 34 00 02 05 01 
12 34 00 02 05 01 
12 34 00 02 05 01 
12 34 00 02 05 01 
12 34 01 02 05 02 
12 34 00 01 05 01 
12 34 00 01 05 01 
12 34 00 01 05 01 
12 34 00 01 05 01 
12 34 00 01 05 01 
12 34 10 01 05 11 
12 34 00 01 05 02 
12 34 00 01 05 02 
12 34 01 01 05 01 
12 34 01 01 05 01 
12 34 00 01 05 11 
12 34 00 01 05 11 
12 34 01 01 05 01 
12 34 01 01 05 01 
12 34 01 01 05 01 
12 34 01 01 05 01 
12 34 00 01 05 01 
12 34 00 01 05 01 
12 34 00 01 05 01 
12 34 00 01 05 01 
12 34 F0 01 05 02 
12 34 F0 01 05 02 
12 34 01 01 05 01 
12 34 01 01 05 01 
12 34 00 01 05 01 
12 34 01 01 05 01 
12 34 01 01 05 01 
12 34 01 01 05 01 
12 34 00 01 05 01 
12 34 F0 01 05 01 
12 34 F0 01 05 01 
12 34 01 01 05 02 
12 34 00 01 05 02 
12 34 01 01 05 02 
12 34 01 01 05 02 
12 34 01 01 05 02 
12 34 01 01 05 02 
12 34 00 01 05 01 
12 34 00 01 05 01 
12 34 00 01 05 01 
12 34 00 01 05 01 
12 34 01 01 05 01 
12 34 01 01 05 01 
12 34 01 01 05 02 
12 34 01 01 05 02 
12 34 01 01 05 02 
12 34 01 01 05 02 
12 34 01 01 05 01 
12 34 01 01 05 01 
12 34 00 01 05 01 
12 34 01 01 05 02 
12 34 01 01 05 02 
12 34 01 01 05 01 
12 34 01 01 05 01 
12 34 00 01 05 02 
12 34 01 01 05 01 
12 34 01 01 05 01 
12 34 00 01 05 01 
12 34 00 01 05 01 
12 34 01 01 05 01 
12 34 01 01 05 01 
12 34 00 01 05 02 
12 34 00 01 05 02 
12 34 10 01 05 02 
12 34 01 01 04 01 
12 34 00 01 04 02 
12 34 00 01 04 02 
12 34 01 01 04 01 
12 34 01 01 04 01 
12 34 01 01 04 01 
12 34 01 01 04 01 
12 34 00 01 04 01 
12 34 00 01 04 01 
12 34 01 01 04 01 
12 34 01 01 04 01 
12 34 00 01 04 01 
12 34 00 01 04 01 
12 34 00 01 04 11 
12 34 00 01 04 11 
12 34 01 01 04 03 
12 34 01 01 04 01 
12 34 01 01 04 01 
12 34 00 01 04 01 
12 34 00 01 04 01 
12 34 01 01 04 01 
12 34 01 01 04 01 
12 34 01 01 04 01 
12 34 01 01 04 01 
12 34 01 01 04 01 
12 34 10 01 04 01 
12 34 10 01 04 01 
12 34 01 01 04 01 
12 34 10 00 04 01 
12 34 01 00 04 01 
12 34 01 00 04 01 
12 34 01 00 04 01 
12 34 01 00 04 01 
12 34 00 00 04 01 
12 34 00 00 04 01 
12 34 01 00 04 01 
12 34 01 00 04 01 
12 34 00 00 04 01 
12 34 00 00 04 01 
12 34 00 00 04 01 
12 34 00 00 04 01 
12 34 10 00 04 01 
12 34 10 00 04 01 
12 34 F1 00 04 01 
12 34 F1 00 04 01 
12 34 00 00 04 01 
12 34 01 00 04 01 
12 34 01 00 04 01 
12 34 01 00 04 02 
12 34 01 00 04 02 
12 34 00 00 04 01 
12 34 01 00 04 02 
12 34 01 00 04 02 
12 34 01 00 04 01 
12 34 00 00 04 01 
12 34 01 00 04 F1 
12 34 01 00 04 F1 
12 34 01 01 04 10 
12 34 01 01 04 10 
12 34 00 02 05 01 
12 34 01 03 05 01 
12 34 00 05 06 01 
12 34 00 05 06 01 
12 34 00 07 07 01 
12 34 00 07 07 01 
12 34 02 09 07 02 
12 34 02 09 07 02 
12 34 00 0A 08 01 
12 34 00 0A 08 01 
12 34 00 0B 08 01 
12 34 00 0B 08 01 
12 34 01 0B 08 02 
12 34 01 0B 08 02 
12 34 00 0C 08 01 
12 34 00 0C 08 01 
12 34 01 0C 09 01 
12 34 01 0C 09 01 
12 34 01 0C 09 01 
12 34 01 0C 09 01 
12 34 01 0C 09 01 
12 34 00 0B 09 01 
12 34 00 0B 09 01 
12 34 01 0B 09 01 
12 34 01 0B 09 01 
12 34 00 0B 09 01 
12 34 00 0B 09 01 
12 34 00 0A 08 01 
12 34 01 0A 08 01 
12 34 01 0A 08 01 
12 34 00 0A 08 01 
12 34 00 09 08 01 
12 34 00 09 08 01 
12 34 01 09 08 02 
12 34 01 09 08 02 
12 34 00 09 08 01 
12 34 00 09 08 01 
12 34 01 09 08 01 
12 34 01 09 08 01 
12 34 00 09 08 01 
12 34 00 09 08 01 
12 34 01 08 08 02 
12 34 01 08 08 02 
12 34 00 08 08 01 
12 34 00 08 08 01 
12 34 F1 08 08 01 
12 34 00 08 08 01 
12 34 00 08 08 01 
12 34 00 08 08 01 
12 34 00 08 08 01 
12 34 00 08 08 01 
12 34 F1 08 08 02 
12 34 F1 08 08 02 
12 34 00 08 08 02 
12 34 01 08 09 01 
12 34 00 17 17 01 
12 34 00 17 17 01 
12 34 01 42 2E 01 
12 34 01 42 2E 01 
12 34 01 71 4A 01 
12 34 01 8E 61 02 
12 34 01 98 6D 02 
12 34 01 98 6D 02 
12 34 10 9C 73 02 
12 34 10 9C 73 02 
12 34 00 9E 76 02 
12 34 00 9E 76 02 
12 34 01 A0 78 02 
12 34 01 A0 78 02 
12 34 00 A0 78 03 
12 34 00 A0 78 03 
12 34 01 A0 78 02 
12 34 01 A0 78 02 
12 34 00 9F 77 03 
12 34 00 9F 77 03 
12 34 F0 9E 76 02 
12 34 01 9D 76 02 
12 34 01 9D 76 02 
12 34 01 9D 76 03 
12 34 01 9D 76 03 
12 34 02 9F 79 02 
12 34 02 9F 79 02 
12 34 F1 A2 7C 03 
12 34 01 A5 81 04 
12 34 00 A8 84 04 
12 34 00 A8 84 04 
12 34 00 A9 84 03 
12 34 00 AA 84 03 
12 34 00 AA 84 03 
12 34 00 AA 84 04 
12 34 00 A9 83 04 
12 34 11 A9 82 03 
12 34 11 A9 82 03 
12 34 00 A8 82 03 
12 34 00 A8 82 03 
12 34 01 A8 82 03 
12 34 01 A8 82 03 
12 34 01 A7 81 03 
12 34 01 A7 81 03 
12 34 01 A6 80 03 
12 34 01 A6 80 03 
12 34 01 A6 80 03 
12 34 00 A4 7E 03 
12 34 00 A4 7E 03 
12 34 01 A2 7C 03 
12 34 00 A0 79 03 
12 34 00 A0 79 03 
12 34 01 9D 76 04 
12 34 01 9D 76 04 
12 34 01 9A 74 03 
12 34 00 97 71 03 
12 34 00 97 71 03 
12 34 01 93 6E 03 
12 34 01 90 6B 03 
12 34 00 8B 68 03 
12 34 00 8B 68 03 
12 34 00 87 65 03 
12 34 00 87 65 03 
12 34 01 83 62 03 
12 34 F0 7E 5F 03 
12 34 00 79 5C 03 
12 34 00 79 5C 03 
12 34 01 74 59 03 
12 34 01 74 59 03 
12 34 01 6F 56 03 
12 34 01 6F 56 03 
12 34 10 6A 53 F3 
12 34 10 6A 53 F3 
12 34 01 64 50 03 
12 34 01 64 50 03 
12 34 01 5F 4D 03 
12 34 01 5F 4D 03 
12 34 01 5A 4B 03 
12 34 01 5A 4B 03 
12 34 01 55 48 03 
12 34 01 50 46 03 
12 34 01 50 46 03 
12 34 00 4B 43 02 
12 34 00 4B 43 02 
12 34 01 46 41 02 
12 34 01 46 41 02 
12 34 01 42 3F 03 
12 34 01 3D 3D 03 
12 34 01 39 3B 03 
12 34 01 39 3B 03 
12 34 00 36 39 02 
12 34 02 32 37 03 
12 34 02 32 37 03 
12 34 00 2F 36 03 
12 34 01 2C 34 02 
12 34 00 29 32 02 
12 34 00 29 32 02 
12 34 00 27 31 02 
12 34 00 27 31 02 
12 34 00 24 30 03 
12 34 00 24 30 03 
12 34 00 22 2E 03 
12 34 00 22 2E 03 
12 34 00 20 2D 02 
12 34 00 20 2D 02 
12 34 01 1E 2C 02 
12 34 01 1E 2C 02 
12 34 00 1D 2A 02 
12 34 00 1D 2A 02 
12 34 01 1B 29 02 
12 34 01 1B 29 02 
12 34 00 1A 28 02 
12 34 01 18 27 12 
12 34 01 18 27 12 
12 34 01 18 27 12 
12 34 01 17 26 02 
12 34 01 17 26 02 
12 34 01 16 25 02 
12 34 00 15 24 03 
12 34 F0 14 24 02 
12 34 F0 14 24 02 
12 34 01 14 23 03 
12 34 01 14 23 03 
12 34 01 13 22 02 
12 34 01 12 21 02 
12 34 00 11 20 03 
12 34 00 11 20 03 
12 34 01 11 20 01 
12 34 01 11 20 01 
12 34 10 10 1F F2 
12 34 10 10 1F F2 
12 34 00 10 1F 02 
12 34 00 10 1F 02 
12 34 01 0F 1E 02 
12 34 01 0F 1E 02 
12 34 01 0F 1D 03 
12 34 01 0F 1D 03 
12 34 00 0E 1D 02 
12 34 00 0E 1D 02 
12 34 01 0E 1C 02 
12 34 01 0D 1C 02 
12 34 01 0D 1C 02 
12 34 01 0D 1B 02 
12 34 01 0D 1B 02 
12 34 01 0D 1B 02 
12 34 01 0D 1B 02 
12 34 F0 0C 1A F2 
12 34 01 0C 1A 02 
12 34 01 0C 19 02 
12 34 01 0C 19 02 
12 34 00 0B 19 02 
12 34 01 0B 18 02 
12 34 01 0B 18 02 
12 34 00 0B 18 02 
12 34 00 0A 18 02 
12 34 01 0A 17 01 
12 34 01 0A 17 01 
12 34 01 0A 17 02 
12 34 01 0A 17 02 
12 34 01 0A 16 02 
12 34 01 0A 16 02 
12 34 00 0A 16 02 
12 34 00 0A 16 02 
12 34 01 0A 1B 0A 
12 34 01 0A 1B 0A 
12 34 02 29 58 4A 
12 34 02 29 58 4A 
12 34 02 5D 64 2E 
12 34 02 5D 64 2E 
12 34 02 6F 64 18 
12 34 02 6F 64 18 
12 34 02 74 62 0D 
12 34 02 75 60 09 
12 34 02 75 60 09 
12 34 01 74 5D 06 
12 34 01 74 5D 06 
12 34 01 72 59 05 
12 34 01 6F 56 04 
12 34 01 6F 56 04 
12 34 01 6C 52 04 
12 34 01 68 4F 04 
12 34 01 68 4F 04 
12 34 01 64 4B 03 
12 34 01 64 4B 03 
12 34 01 60 48 03 
12 34 10 5C 45 03 
12 34 00 58 42 03 
12 34 00 58 42 03 
12 34 01 54 3F 02 
12 34 01 54 3F 02 
12 34 00 50 3D 03 
12 34 00 50 3D 03 
12 34 00 4C 3A 02 
12 34 00 4C 3A 02 
12 34 01 48 38 02 
12 34 01 48 38 02 
12 34 01 44 36 03 
12 34 01 44 36 03 
12 34 00 41 34 03 
12 34 10 3D 32 02 
12 34 10 3D 32 02 
12 34 01 3A 30 02 
12 34 01 3A 30 02 
12 34 00 37 2E 02 
12 34 00 37 2E 02 
12 34 01 34 2C 03 
12 34 01 31 2B 02 
12 34 00 2F 2A 02 
12 34 00 2F 2A 02 
12 34 01 2C 28 02 
12 34 00 2A 27 02 
12 34 00 2A 27 02 
12 34 01 28 26 02 
12 34 01 26 25 02 
12 34 00 25 24 02 
12 34 00 25 24 02 
12 34 01 23 23 02 
12 34 01 23 23 02 
12 34 01 21 22 02 
12 34 01 21 22 02 
12 34 01 20 21 02 
12 34 01 20 21 02 
12 34 00 1F 20 02 
12 34 00 1F 20 02 
12 34 FF 1E 20 02 
12 34 FF 1E 20 02 
12 34 00 1E 22 04 
12 34 00 1E 22 04 
12 34 00 22 32 0A 
12 34 00 22 32 0A 
12 34 11 2F 4A 10 
12 34 01 3F 54 0F 
12 34 01 3F 54 0F 
12 34 01 4B 58 0B 
12 34 01 4B 58 0B 
12 34 01 52 56 07 
12 34 01 54 53 05 
12 34 01 54 53 05 
12 34 10 53 4F 04 
12 34 01 51 4B 03 
12 34 00 4F 46 03 
12 34 00 4F 46 03 
12 34 00 4C 42 02 
12 34 00 4C 42 02 
12 34 10 48 3F 03 
12 34 01 45 3C 02 
12 34 00 42 39 02 
12 34 00 42 39 02 
12 34 00 42 39 02 
12 34 01 40 3E 07 
12 34 01 40 3E 07 
12 34 01 42 4B 0B 
12 34 01 42 4B 0B 
12 34 01 47 53 0B 
12 34 01 47 53 0B 
12 34 01 4B 54 0B 
12 34 01 4B 54 0B 
12 34 00 4E 55 0A 
12 34 01 50 54 08 
12 34 01 50 54 08 
12 34 01 50 51 05 
12 34 01 50 51 05 
12 34 00 51 59 14 
12 34 00 51 59 14 
12 34 01 59 68 22 
12 34 02 67 72 2E 
12 34 02 76 79 33 
12 34 02 76 79 33 
12 34 03 81 7D 3B 
12 34 04 88 80 3E 
12 34 04 88 80 3E 
12 34 03 8C 83 42 
12 34 04 90 85 41 
12 34 04 93 87 43 
12 34 04 93 87 43 
12 34 05 95 88 48 
12 34 05 95 88 48 
12 34 04 97 88 49 
12 34 04 97 88 49 
12 34 05 99 88 47 
12 34 05 99 88 47 
12 34 04 9A 88 45 
12 34 04 9A 88 45 
12 34 05 9B 87 3F 
12 34 05 9B 87 3F 
12 34 04 9B 87 3E 
12 34 04 9B 87 3E 
12 34 04 9B 87 3A 
12 34 04 9B 87 3A 
12 34 04 9B 85 39 
12 34 04 9A 82 24 
12 34 04 9A 82 24 
12 34 03 99 7F 1E 
12 34 03 99 7F 1E 
12 34 03 97 7D 19 
12 34 03 96 80 2C 
12 34 03 96 80 2C 
12 34 03 97 83 37 
12 34 03 98 84 38 
12 34 03 98 85 38 
12 34 03 98 85 38 
12 34 03 99 85 37 
12 34 03 99 85 37 
12 34 03 99 86 3A 
12 34 04 9A 87 40 
12 34 04 9B 87 44 
12 34 04 9B 87 44 
12 34 04 9B 87 3D 
12 34 04 9B 87 3D 
12 34 04 9B 86 37 
12 34 04 9B 86 37 
12 34 04 9B 86 3D 
12 34 04 9B 86 3D 
12 34 04 9B 86 3B 
12 34 04 9B 86 3B 
12 34 04 9A 84 31 
12 34 04 9A 84 31 
12 34 04 99 84 31 
12 34 04 99 84 31 
12 34 04 99 84 31 
12 34 04 99 84 30 
12 34 03 99 85 39 
12 34 03 99 85 39 
12 34 04 99 85 38 
12 34 04 99 85 38 
12 34 03 9A 84 35 
12 34 03 9A 84 3A 
12 34 03 9A 84 3A 
12 34 04 9A 84 34 
12 34 04 9A 84 34 
12 34 04 9A 84 34 
12 34 04 9A 85 32 
12 34 03 9A 84 29 
12 34 03 98 7F 18 
12 34 03 98 7F 18 
12 34 02 96 7B 10 
12 34 02 96 7B 10 
12 34 03 93 76 0C 
12 34 03 93 76 0C 
12 34 01 90 72 09 
12 34 01 90 72 09 
12 34 01 8C 6D 08 
12 34 01 8C 6D 08 
12 34 11 88 69 06 
12 34 11 88 69 06 
12 34 01 84 65 07 
12 34 01 84 65 07 
12 34 01 80 61 07 
12 34 01 80 61 07 
12 34 01 7D 5E 06 
12 34 01 79 5B 06 
12 34 01 79 5B 06 
12 34 01 75 58 05 
12 34 01 75 58 05 
12 34 01 71 55 05 
12 34 10 6D 53 04 
12 34 10 6D 53 04 
12 34 00 6A 51 05 
12 34 01 67 4F 04 
12 34 01 64 4D 05 
12 34 01 64 4D 05 
12 34 01 61 4B 04 
12 34 01 61 4B 04 
12 34 01 5E 4A 05 
12 34 01 5C 49 05 
12 34 01 5A 47 04 
12 34 01 5A 47 04 
12 34 02 57 46 04 
12 34 02 57 46 04 
12 34 01 55 45 03 
12 34 01 55 45 03 
12 34 F1 54 44 F4 
12 34 F1 54 44 F4 
12 34 00 52 43 03 
12 34 00 52 43 03 
12 34 01 50 42 04 
12 34 01 50 42 04 
12 34 01 4F 42 03 
12 34 01 4F 42 03 
12 34 01 4E 41 03 
12 34 01 4D 40 03 
12 34 01 4D 40 03 
12 34 00 4B 40 03 
12 34 00 4B 40 03 
12 34 00 4A 3F 04 

