12 34 00 00 00 02 
12 34 00 00 00 01 
12 34 01 00 00 01 
12 34 10 00 00 01 
12 34 10 00 00 01 
12 34 01 00 00 01 
12 34 01 00 00 01 
12 34 00 00 00 01 
12 34 00 00 00 01 
12 34 00 00 00 01 
12 34 00 00 00 01 
12 34 00 00 00 01 
12 34 00 00 00 01 
12 34 01 00 00 11 
12 34 01 00 00 11 
12 34 01 00 00 01 
12 34 01 00 00 01 
12 34 01 00 00 02 
12 34 01 00 00 02 
12 34 00 00 00 01 
12 34 00 00 00 01 
12 34 00 00 00 01 
12 34 F0 00 00 01 
12 34 F0 00 00 01 
12 34 00 00 00 01 
12 34 00 00 00 01 
12 34 01 00 00 02 
12 34 01 00 00 01 
12 34 01 00 00 01 
12 34 01 00 00 01 
12 34 10 00 00 11 
12 34 01 00 00 01 
12 34 01 00 00 01 
12 34 01 00 00 01 
12 34 01 00 00 01 
12 34 01 00 00 01 
12 34 01 01 00 01 
12 34 00 01 00 01 
12 34 00 01 00 01 
12 34 00 01 00 01 
12 34 00 02 00 01 
12 34 00 02 00 01 
12 34 01 02 00 01 
12 34 01 02 00 01 
12 34 00 03 00 01 
12 34 00 03 00 01 
12 34 01 03 00 11 
12 34 01 03 00 11 
12 34 01 03 00 01 
12 34 01 03 00 01 
12 34 01 04 00 01 
12 34 01 04 00 01 
12 34 00 04 00 01 
12 34 00 04 00 01 
12 34 00 04 00 01 
12 34 00 05 00 01 
12 34 00 05 00 01 
12 34 00 05 00 01 
12 34 00 06 00 01 
12 34 00 06 00 01 
12 34 01 07 00 01 
12 34 01 08 00 11 
12 34 00 09 00 01 
12 34 00 09 00 01 
12 34 01 0C 00 02 
12 34 01 0C 00 02 
12 34 01 10 01 01 
12 34 01 15 02 01 
12 34 11 1A 03 01 
12 34 11 1A 03 01 
12 34 01 1E 04 01 
12 34 01 1E 04 01 
12 34 00 22 05 02 
12 34 00 22 05 02 
12 34 00 26 06 01 
12 34 00 26 06 01 
12 34 01 29 06 01 
12 34 01 29 06 01 
12 34 01 2B 07 02 
12 34 01 2B 07 02 
12 34 00 2D 07 01 
12 34 00 2D 07 01 
12 34 00 2E 08 01 
12 34 01 2F 08 01 
12 34 01 2F 08 01 
12 34 00 30 08 02 
12 34 00 30 08 02 
12 34 01 30 08 01 
12 34 01 30 08 01 
12 34 01 30 08 02 
12 34 00 2F 08 01 
12 34 01 2F 07 01 
12 34 01 2F 07 01 
12 34 01 2E 07 01 
12 34 01 2E 07 01 
12 34 01 2D 07 02 
12 34 00 2C 07 02 
12 34 00 2A 06 01 
12 34 00 2A 06 01 
12 34 00 29 06 01 
12 34 00 29 06 01 
12 34 00 28 06 02 
12 34 00 28 06 02 
12 34 00 26 05 01 
12 34 00 26 05 01 
12 34 01 25 05 01 
12 34 01 25 05 01 
12 34 00 23 05 02 
12 34 00 23 05 02 
12 34 00 23 05 02 
12 34 00 22 04 01 
12 34 00 22 04 01 
12 34 01 21 04 01 
12 34 01 1F 04 02 
12 34 01 1F 04 02 
12 34 01 1E 04 02 
12 34 01 1E 04 02 
12 34 01 1D 04 01 
12 34 10 1C 03 01 
12 34 10 1C 03 01 
12 34 00 1B 03 02 
12 34 01 1B 03 01 
12 34 01 1A 03 01 
12 34 01 1A 03 01 
12 34 00 19 03 01 
12 34 00 19 03 01 
12 34 00 19 03 01 
12 34 01 18 03 02 
12 34 00 18 02 01 
12 34 00 18 02 01 
12 34 00 17 02 01 
12 34 00 17 02 01 
12 34 01 17 02 01 
12 34 01 17 02 01 
12 34 00 17 02 01 
12 34 00 17 02 01 
12 34 01 16 02 01 
12 34 01 16 02 01 
12 34 01 16 02 11 
12 34 01 16 02 11 
12 34 00 16 02 00 
12 34 00 16 02 00 
12 34 01 15 02 F1 
12 34 00 15 02 02 
12 34 00 15 02 02 
12 34 00 14 02 01 
12 34 00 14 02 01 
12 34 00 14 02 01 
12 34 00 14 02 01 
12 34 01 14 01 01 
12 34 01 13 01 11 
12 34 01 13 01 11 
12 34 01 13 01 11 
12 34 00 13 01 01 
12 34 01 12 01 02 
12 34 01 12 01 02 
12 34 00 12 01 02 
12 34 00 11 01 01 
12 34 01 11 01 01 
12 34 01 11 01 01 
12 34 00 10 01 01 
12 34 00 10 01 01 
12 34 00 10 01 01 
12 34 00 10 01 01 
12 34 00 0F 00 01 
12 34 00 0F 00 01 
12 34 01 0F 00 F2 
12 34 01 0F 00 F2 
12 34 00 0F 00 02 
12 34 00 0F 00 02 
12 34 01 0E 00 02 
12 34 00 0E 00 01 
12 34 00 0E 00 01 
12 34 01 0E 00 02 
12 34 01 0E 00 02 
12 34 01 0E 00 02 
12 34 01 0D 00 01 
12 34 01 0D 00 01 
12 34 01 0D 00 01 
12 34 10 0D 00 02 
12 34 01 0D 00 02 
12 34 01 0D 00 01 
12 34 01 0D 00 01 
12 34 00 0D 00 01 
12 34 00 0D 00 01 
12 34 00 0D 00 01 
12 34 F1 0D 00 02 
12 34 01 0D 00 02 
12 34 01 0D 00 02 
12 34 00 0D 00 02 
12 34 00 0D 00 02 
12 34 00 0D 00 01 
12 34 00 0D 00 01 
12 34 01 0C 00 01 
12 34 01 0C 00 01 
12 34 01 0C 00 01 
12 34 01 0C 00 01 
12 34 00 0C 00 02 
12 34 00 0C 00 02 
12 34 00 0C 00 01 
12 34 00 0C 00 01 
12 34 00 0C 00 01 
12 34 01 0C 00 01 
12 34 01 0C 00 01 
12 34 01 0C 00 02 
12 34 01 0C 00 02 
12 34 F0 0C 00 F1 
12 34 F0 0C 00 F1 
12 34 01 0C 00 02 
12 34 01 0C 00 01 
12 34 00 0C 00 01 
12 34 00 0C 00 01 
12 34 00 0C 00 01 
12 34 01 0C 00 01 
12 34 01 0C 00 01 
12 34 00 0C 00 02 
12 34 00 0C 00 01 
12 34 01 0B 00 01 
12 34 01 0B 00 01 
12 34 01 0B 00 02 
12 34 01 0B 00 02 
12 34 00 0B 00 01 
12 34 00 0B 00 01 
12 34 01 0B 00 02 
12 34 01 0B 00 02 
12 34 00 0B 00 01 
12 34 00 0B 00 01 
12 34 00 0B 00 01 
12 34 00 0B 00 01 
12 34 00 0B 00 01 
12 34 10 0B 00 01 
12 34 10 0B 00 01 
12 34 00 0B 00 01 
12 34 00 0B 00 01 
12 34 00 0A 00 01 
12 34 00 0A 00 01 
12 34 01 0A 00 01 
12 34 01 0A 00 01 
12 34 00 0A 00 01 
12 34 01 0A 00 01 
12 34 01 0A 00 01 
12 34 02 0A 00 02 
12 34 02 0A 00 02 
12 34 F0 0A 00 01 
12 34 F0 0A 00 01 
12 34 00 09 00 01 
12 34 01 09 00 01 
12 34 01 09 00 02 
12 34 01 09 00 02 
12 34 01 09 00 01 
12 34 01 09 00 01 
12 34 01 09 00 02 
12 34 01 09 00 02 
12 34 00 08 00 01 
12 34 00 08 00 01 
12 34 01 08 00 01 
12 34 01 08 00 01 
12 34 00 08 00 01 
12 34 00 08 00 01 
12 34 00 08 00 02 
12 34 00 08 00 02 
12 34 00 07 00 01 
12 34 01 07 00 01 
12 34 01 07 00 01 
12 34 00 07 00 01 
12 34 00 07 00 01 
12 34 10 07 00 F1 
12 34 10 07 00 F1 
12 34 01 07 00 01 
12 34 01 07 00 F1 
12 34 01 06 00 01 
12 34 01 06 00 01 
12 34 01 06 00 02 
12 34 01 06 00 11 
12 34 01 06 00 11 
12 34 10 06 00 12 
12 34 01 06 00 02 
12 34 01 06 00 01 
12 34 01 06 00 01 
12 34 01 06 00 02 
12 34 01 06 00 02 
12 34 01 06 00 02 
12 34 01 06 00 02 
12 34 01 06 00 02 
12 34 01 06 00 02 
12 34 00 06 00 02 
12 34 00 06 00 02 
12 34 00 06 00 02 
12 34 00 06 00 02 
12 34 01 06 00 01 
12 34 01 06 00 01 
12 34 10 06 00 02 
12 34 10 06 00 02 
12 34 01 06 00 01 
12 34 01 06 00 01 
12 34 01 06 00 01 
12 34 00 06 00 01 
12 34 00 06 00 01 
12 34 00 06 00 01 
12 34 00 06 00 01 
12 34 00 06 00 01 
12 34 00 06 00 02 
12 34 01 06 00 01 
12 34 01 06 00 01 
12 34 01 06 00 01 
12 34 01 06 00 01 
12 34 01 06 00 01 
12 34 01 06 00 01 
12 34 00 06 00 02 
12 34 00 06 00 02 
12 34 00 06 00 01 
12 34 00 06 00 01 
12 34 01 05 00 01 
12 34 01 05 00 01 
12 34 00 06 00 01 
12 34 00 06 00 01 
12 34 01 05 00 01 
12 34 01 05 00 01 
12 34 01 06 00 01 
12 34 01 06 00 01 
12 34 01 06 00 02 
12 34 01 06 00 01 
12 34 01 06 00 01 
12 34 00 06 00 01 
12 34 00 06 00 01 
12 34 01 06 00 01 
12 34 01 06 00 01 
12 34 01 06 00 01 
12 34 00 06 00 01 
12 34 01 06 00 02 
12 34 01 06 00 02 
12 34 01 06 00 02 
12 34 00 06 00 01 
12 34 00 06 00 01 
12 34 00 06 00 01 
12 34 01 06 00 02 
12 34 00 06 00 01 
12 34 00 06 00 01 
12 34 01 06 00 01 
12 34 01 06 00 01 
12 34 01 06 00 02 
12 34 01 06 00 02 
12 34 00 06 00 01 
12 34 00 06 00 01 
12 34 00 06 00 01 
12 34 00 06 00 01 
12 34 00 06 00 01 
12 34 00 06 00 01 
12 34 01 06 00 01 
12 34 01 06 00 01 
12 34 01 06 00 01 
12 34 01 06 00 01 
12 34 01 06 00 F1 
12 34 00 06 00 01 
12 34 00 06 00 01 
12 34 00 06 00 01 
12 34 00 06 00 01 
12 34 01 06 00 01 
12 34 F0 06 00 01 
12 34 F0 06 00 01 
12 34 01 06 00 01 
12 34 00 06 00 02 
12 34 01 06 00 01 
12 34 01 06 00 01 
12 34 01 06 00 00 
12 34 01 06 00 00 
12 34 01 06 00 01 
12 34 01 06 00 01 
12 34 01 06 00 01 
12 34 01 06 00 01 
12 34 00 06 00 01 
12 34 00 06 00 01 
12 34 F1 06 00 F1 
12 34 F1 06 00 F1 
12 34 F1 06 00 F1 
12 34 00 06 00 01 
12 34 00 06 00 01 
12 34 00 06 00 01 
12 34 00 06 00 01 
12 34 00 06 00 01 
12 34 F1 06 00 01 
12 34 F1 06 00 01 
12 34 01 06 00 01 
12 34 01 06 00 01 
12 34 01 06 00 02 
12 34 01 06 00 02 
12 34 01 06 00 01 
12 34 01 06 00 01 
12 34 00 06 00 01 
12 34 00 06 00 01 
12 34 01 06 00 01 
12 34 00 06 00 01 
12 34 00 06 00 01 
12 34 01 06 00 01 
12 34 01 06 00 02 
12 34 01 06 00 01 
12 34 01 06 00 01 
12 34 00 06 00 01 
12 34 00 06 00 01 
12 34 00 06 00 01 
12 34 00 06 00 01 
12 34 00 06 00 01 
12 34 00 06 00 01 
12 34 00 06 00 01 
12 34 00 06 00 01 
12 34 00 06 00 01 
12 34 00 06 00 01 
12 34 00 06 00 02 
12 34 00 06 00 02 
12 34 01 06 00 01 
12 34 01 06 00 01 
12 34 01 06 00 01 
12 34 00 06 00 01 
12 34 00 06 00 01 
12 34 00 06 00 F1 
12 34 00 06 00 F1 
12 34 01 06 00 01 
12 34 00 06 00 01 
12 34 00 06 00 01 
12 34 01 06 00 11 
12 34 01 06 00 02 
12 34 00 06 00 02 
12 34 00 06 00 02 
12 34 01 06 00 01 
12 34 01 06 00 01 
12 34 00 06 00 01 
12 34 01 06 00 01 
12 34 01 06 00 01 
12 34 01 06 00 01 
12 34 F0 06 00 02 
12 34 F0 06 00 02 
12 34 01 06 00 01 
12 34 01 06 00 01 
12 34 10 06 00 01 
12 34 10 06 00 01 
12 34 01 06 00 01 
12 34 01 06 00 01 
12 34 00 06 00 01 
12 34 00 06 00 01 
12 34 00 06 00 01 
12 34 00 06 00 01 
12 34 00 06 00 01 
12 34 00 06 00 01 
12 34 01 06 00 01 
12 34 01 06 00 01 
12 34 00 06 00 01 
12 34 00 06 00 01 
12 34 00 06 00 01 

