12 34 01 00 02 01 
12 34 00 00 02 02 
12 34 00 00 02 02 
12 34 01 00 02 02 
12 34 00 00 02 01 
12 34 10 00 02 01 
12 34 10 00 02 01 
12 34 01 00 02 01 
12 34 01 00 02 01 
12 34 00 01 02 01 
12 34 00 01 02 01 
12 34 01 01 02 01 
12 34 01 01 02 01 
12 34 00 01 03 02 
12 34 00 01 03 02 
12 34 00 01 03 02 
12 34 00 01 03 02 
12 34 00 02 04 01 
12 34 00 02 04 01 
12 34 10 02 04 F1 
12 34 10 02 04 F1 
12 34 00 03 06 02 
12 34 00 05 09 02 
12 34 00 05 09 02 
12 34 01 07 0B 03 
12 34 01 07 0B 03 
12 34 00 09 0F 02 
12 34 00 0C 12 02 
12 34 00 0C 12 02 
12 34 01 0F 14 03 
12 34 F0 12 15 02 
12 34 01 14 15 02 
12 34 01 14 15 02 
12 34 01 16 15 02 
12 34 01 16 15 02 
12 34 01 16 14 02 
12 34 10 16 13 02 
12 34 01 16 13 02 
12 34 01 16 13 02 
12 34 00 16 13 02 
12 34 00 16 13 02 
12 34 00 16 12 02 
12 34 00 16 12 02 
12 34 01 16 11 02 
12 34 01 16 11 02 
12 34 00 15 10 02 
12 34 00 15 10 02 
12 34 01 14 10 01 
12 34 01 14 10 01 
12 34 01 13 0F 02 
12 34 00 13 0F 02 
12 34 00 13 0F 02 
12 34 00 13 10 02 
12 34 00 13 10 02 
12 34 01 13 11 02 
12 34 01 13 11 02 
12 34 01 13 11 02 
12 34 00 14 11 11 
12 34 00 14 11 02 
12 34 00 14 11 01 
12 34 00 14 11 01 
12 34 01 14 10 01 
12 34 01 14 10 01 
12 34 01 13 10 02 
12 34 01 13 10 02 
12 34 00 12 0F 01 
12 34 00 12 0F 01 
12 34 01 12 0F 01 
12 34 01 12 0F 01 
12 34 01 12 0F 01 
12 34 00 11 0E 01 
12 34 00 11 0E 01 
12 34 01 11 0E 01 
12 34 01 11 0E 01 
12 34 01 10 0D 01 
12 34 01 10 0D 01 
12 34 00 10 0D 01 
12 34 00 10 0D 01 
12 34 00 0F 0C 02 
12 34 00 0F 0C 02 
12 34 01 0E 0C 01 
12 34 00 0E 0B 01 
12 34 00 0E 0B 01 
12 34 00 0D 0B 01 
12 34 00 0D 0B 01 
12 34 00 0C 0A 01 
12 34 00 0C 0A 02 
12 34 00 0C 0A 02 
12 34 01 0B 09 01 
12 34 00 0B 09 01 
12 34 00 0B 0B 02 
12 34 00 0B 0B 02 
12 34 01 0C 0D 02 
12 34 01 0C 0D 02 
12 34 00 0E 0E 02 
12 34 00 10 13 03 
12 34 01 15 16 02 
12 34 01 15 16 02 
12 34 F1 19 18 02 
12 34 F1 19 18 02 
12 34 01 1D 19 02 
12 34 01 1D 19 02 
12 34 00 20 1A 02 
12 34 00 20 1A 02 
12 34 01 22 1C 02 
12 34 01 22 1C 02 
12 34 01 25 1F 03 
12 34 01 25 1F 03 
12 34 10 28 21 12 
12 34 10 2A 22 02 
12 34 10 2A 22 02 
12 34 01 2B 21 02 
12 34 01 2B 21 02 
12 34 01 2B 20 02 
12 34 00 2B 21 03 
12 34 00 2B 21 03 
12 34 00 2C 22 03 
12 34 01 2D 22 02 
12 34 01 2D 22 03 
12 34 01 2D 22 03 
12 34 01 2E 25 04 
12 34 01 2E 25 04 
12 34 01 30 29 04 
12 34 01 33 2C 04 
12 34 00 36 2D 04 
12 34 00 36 2D 04 
12 34 01 38 2C 02 
12 34 01 38 2C 02 
12 34 00 38 2B 02 
12 34 00 38 2B 02 
12 34 01 38 29 02 
12 34 01 38 29 02 
12 34 10 38 29 03 
12 34 10 38 29 03 
12 34 01 38 2A 02 
12 34 01 38 2A 02 
12 34 F1 39 2B 13 
12 34 F1 39 2B 13 
12 34 01 39 2C 03 
12 34 01 39 2C 03 
12 34 01 3A 2C 03 
12 34 01 3A 2C 03 
12 34 01 3B 2E 04 
12 34 01 3B 2E 04 
12 34 00 3C 30 03 
12 34 01 3D 31 03 
12 34 01 3D 31 03 
12 34 10 3D 30 03 
12 34 01 3E 32 05 
12 34 01 3F 35 04 
12 34 01 3F 35 04 
12 34 00 41 36 04 
12 34 00 41 36 04 
12 34 F1 42 35 02 
12 34 02 43 35 03 
12 34 00 44 35 03 
12 34 00 44 35 03 
12 34 01 44 34 03 
12 34 01 44 34 03 
12 34 01 44 32 03 
12 34 01 44 32 03 
12 34 01 42 30 02 
12 34 01 42 30 02 
12 34 01 41 2E 01 
12 34 01 41 2E 01 
12 34 F1 40 30 04 
12 34 F1 40 30 04 
12 34 00 41 36 06 
12 34 00 41 36 06 
12 34 01 44 39 04 
12 34 01 46 39 04 
12 34 01 46 39 04 
12 34 00 48 38 03 
12 34 00 48 38 03 
12 34 00 48 36 03 
12 34 00 48 36 03 
12 34 01 47 34 02 
12 34 01 46 32 02 
12 34 01 44 30 02 
12 34 01 44 30 02 
12 34 01 42 2E 02 
12 34 01 42 2E 02 
12 34 01 40 2C 02 
12 34 01 3E 2A 02 
12 34 01 3B 28 01 
12 34 01 3B 28 01 
12 34 10 39 26 02 
12 34 10 39 26 02 
12 34 01 36 25 02 
12 34 01 36 25 02 
12 34 01 34 23 02 
12 34 01 34 23 02 
12 34 01 32 22 02 
12 34 01 32 22 02 
12 34 01 30 21 01 
12 34 01 30 21 01 
12 34 00 2E 21 02 
12 34 00 2E 21 02 
12 34 00 2D 22 02 
12 34 01 2D 22 F2 
12 34 01 2D 22 F2 
12 34 00 2C 22 02 
12 34 00 2C 22 02 
12 34 00 2B 21 01 
12 34 00 2B 21 01 
12 34 01 2A 20 02 
12 34 01 29 1F 02 
12 34 01 29 1F 02 
12 34 01 28 1E 02 
12 34 01 26 1D 02 
12 34 01 26 1D 02 
12 34 00 25 1C 01 
12 34 00 25 1C 01 
12 34 01 24 1B 11 
12 34 01 23 1A 02 
12 34 00 22 19 02 
12 34 00 22 19 02 
12 34 10 20 19 F1 
12 34 10 20 19 F1 
12 34 00 1F 18 02 
12 34 00 1F 18 02 
12 34 01 1E 17 02 
12 34 01 1E 17 02 
12 34 00 1E 17 01 
12 34 00 1E 17 01 
12 34 00 1D 16 01 
12 34 00 1D 16 01 
12 34 00 1C 16 03 
12 34 00 1C 16 03 
12 34 01 1B 15 02 
12 34 00 1A 15 01 
12 34 00 1A 15 01 
12 34 00 1A 14 01 
12 34 00 1A 14 01 
12 34 01 19 14 01 
12 34 01 19 14 01 
12 34 01 18 13 11 
12 34 00 18 13 01 
12 34 00 17 13 01 
12 34 00 17 13 01 
12 34 01 17 13 01 
12 34 00 17 13 02 
12 34 00 17 13 02 
12 34 00 16 12 02 
12 34 00 16 12 01 
12 34 01 16 12 11 
12 34 01 16 12 11 
12 34 01 16 13 02 
12 34 01 16 13 02 
12 34 01 15 13 01 
12 34 01 15 13 01 
12 34 01 15 13 11 
12 34 01 15 13 11 
12 34 00 15 13 02 
12 34 00 15 13 02 
12 34 01 15 12 02 
12 34 01 15 12 02 
12 34 01 15 12 02 
12 34 01 15 12 01 
12 34 01 15 12 01 
12 34 00 15 12 02 
12 34 00 15 12 02 
12 34 00 14 12 01 
12 34 00 14 12 01 
12 34 01 14 12 02 
12 34 00 14 11 F1 
12 34 00 14 11 01 
12 34 00 14 11 01 
12 34 00 14 11 01 
12 34 01 13 11 02 
12 34 01 13 11 02 
12 34 00 13 11 01 
12 34 01 13 11 02 
12 34 01 13 10 01 
12 34 01 13 10 01 
12 34 01 13 10 01 
12 34 01 13 10 02 
12 34 01 13 10 02 
12 34 01 12 10 01 
12 34 01 12 10 01 
12 34 01 12 10 02 
12 34 01 12 10 02 
12 34 01 12 10 01 
12 34 01 12 10 01 
12 34 F0 12 10 F1 
12 34 F0 12 10 F1 
12 34 F0 12 0F 02 
12 34 F0 12 0F 02 
12 34 00 11 0F 01 
12 34 01 11 0F 01 
12 34 01 11 0F 01 
12 34 01 11 0F 01 
12 34 01 11 0F 01 
12 34 01 11 0E 01 
12 34 01 11 0E 01 
12 34 00 10 0E 12 
12 34 00 10 0E 02 
12 34 00 10 0E 01 
12 34 00 10 0E 01 
12 34 00 10 0E 01 
12 34 01 10 0E 02 
12 34 01 10 0E 02 
12 34 00 10 11 02 
12 34 00 10 15 01 
12 34 00 11 19 02 
12 34 00 11 19 02 
12 34 00 12 1E 01 
12 34 00 12 1E 01 
12 34 01 13 20 01 
12 34 01 13 20 01 
12 34 01 14 21 02 
12 34 01 14 21 02 
12 34 00 14 21 01 
12 34 00 14 21 01 
12 34 00 14 21 02 
12 34 00 14 21 02 
12 34 00 14 21 01 
12 34 01 13 20 01 
12 34 01 13 20 01 
12 34 01 13 20 01 
12 34 01 13 20 01 
12 34 00 13 20 01 
12 34 00 13 20 01 
12 34 01 13 1F 02 
12 34 01 12 1E 01 
12 34 00 12 1D 02 
12 34 00 12 1D 02 
12 34 01 11 1C 01 
12 34 01 11 1B 01 
12 34 01 11 1B 01 
12 34 00 11 1B 02 
12 34 01 10 1A 02 
12 34 01 10 19 01 
12 34 01 10 19 01 
12 34 00 10 19 01 
12 34 00 10 19 01 
12 34 00 0F 19 02 
12 34 00 0F 19 02 
12 34 01 0F 19 01 
12 34 01 0F 19 01 
12 34 F0 0F 18 01 
12 34 F0 0F 18 01 
12 34 00 0F 18 01 
12 34 00 0F 18 01 
12 34 00 0F 18 01 
12 34 00 0F 18 02 
12 34 00 0F 18 02 
12 34 01 0F 18 01 
12 34 00 0F 17 02 
12 34 00 0F 17 02 
12 34 00 0E 17 02 
12 34 00 0E 17 02 
12 34 FF 0E 16 01 
12 34 FF 0E 16 01 
12 34 00 0E 16 01 
12 34 01 0E 16 02 
12 34 01 0E 15 02 
12 34 01 0E 15 02 
12 34 01 0E 15 02 
12 34 00 0E 15 01 
12 34 00 0E 15 01 
12 34 00 0D 14 00 
12 34 01 0D 14 01 
12 34 01 0D 14 01 
12 34 01 0D 14 01 
12 34 01 0D 13 01 
12 34 01 0D 13 01 
12 34 01 0D 13 01 
12 34 01 0D 13 01 
12 34 00 0D 13 02 
12 34 00 0D 13 02 
12 34 00 0D 12 01 
12 34 00 0D 12 01 
12 34 01 0C 12 01 
12 34 01 0C 12 01 
12 34 00 0C 12 01 
12 34 00 0C 12 01 
12 34 01 0C 12 01 
12 34 01 0C 12 01 
12 34 01 0C 12 02 
12 34 00 0C 11 01 
12 34 00 0C 11 01 
12 34 01 0C 11 02 
12 34 01 0C 11 02 
12 34 01 0C 11 01 
12 34 01 0C 11 01 
12 34 01 0C 11 01 
12 34 00 0C 11 01 
12 34 00 0B 10 01 
12 34 00 0B 10 01 
12 34 00 0B 10 01 
12 34 01 0B 10 01 
12 34 01 0B 10 01 
12 34 01 0B 10 01 
12 34 00 0B 10 02 
12 34 00 0B 10 02 
12 34 10 0B 10 01 
12 34 10 0B 10 01 
12 34 01 0B 10 01 
12 34 01 0B 10 01 
12 34 00 0B 10 01 
12 34 00 0B 10 01 
12 34 00 0B 0F 01 
12 34 00 0B 0F 01 
12 34 00 0B 0F 01 
12 34 00 0B 0F 01 
12 34 10 0B 0F F1 
12 34 10 0B 0F F1 
12 34 00 0B 0F 01 
12 34 01 0B 0F 01 
12 34 01 0B 0F 01 
12 34 00 0B 0E 01 
12 34 00 0B 0E 01 
12 34 01 0A 0E 02 
12 34 01 0A 0E 02 
12 34 F1 0A 0E 01 
12 34 00 0A 0E 01 
12 34 00 0A 0E 01 
12 34 F1 0A 0E 01 
12 34 01 0A 0E 01 
12 34 01 0A 0E 01 
12 34 01 0A 0E F1 
12 34 00 0A 0E 01 
12 34 00 0A 0E 02 
12 34 00 0A 0E 02 
12 34 01 0A 0D 02 
12 34 01 0A 0D 02 
12 34 01 0A 0D 01 
12 34 01 0A 0D 01 
12 34 01 0A 0D 02 
12 34 01 0A 0D 02 
12 34 01 0A 0D 02 
12 34 01 0A 0D 02 
12 34 01 0A 0D 02 
12 34 01 0A 0D 02 
12 34 0F 0A 0D 02 
12 34 0F 0A 0D 02 
12 34 00 0A 0D 01 
12 34 00 0A 0D 01 
12 34 01 0A 0D 02 
12 34 00 0A 0D 01 
12 34 00 0A 0D 01 
12 34 10 0A 0D 01 
12 34 10 0A 0D 01 
12 34 01 0A 0D 01 
12 34 00 0A 0D 02 
12 34 00 0A 0D 02 
12 34 00 09 0D 01 
12 34 00 09 0D 01 
12 34 01 09 0D 01 
12 34 01 09 0D 01 
12 34 00 09 0D 01 
12 34 00 09 0D 01 
12 34 01 09 0D 02 
12 34 F0 09 0D 01 
12 34 01 09 0D 01 
12 34 01 09 0D 01 
12 34 00 09 0D 02 
12 34 00 09 0D 02 
12 34 00 09 0D 01 
12 34 00 09 0D 01 
12 34 01 09 0D 01 
12 34 01 09 0D 01 
12 34 00 09 0D 02 
12 34 00 09 0D 02 
12 34 01 09 0D 01 
12 34 01 09 0D 01 
12 34 00 09 0D 01 
12 34 00 09 0D 02 
12 34 00 09 0D 02 
12 34 00 09 0D 01 
12 34 00 09 0D 01 
12 34 01 09 0D 01 
12 34 00 09 0D 02 
12 34 00 09 0D 02 
12 34 02 09 0D F1 
12 34 00 09 0D 02 
12 34 00 09 0D 02 
12 34 00 09 0D 02 
12 34 01 09 0D 01 
12 34 01 09 0D 01 
12 34 01 09 0C 02 
12 34 00 09 0D 01 
12 34 00 09 0D 01 
12 34 00 09 0C 01 
12 34 00 09 0C 01 
12 34 01 09 0C 02 
12 34 01 09 0C 02 
12 34 00 09 0C 01 
12 34 00 09 0C 01 
12 34 00 09 0C 01 
12 34 00 09 0C 01 
12 34 01 09 0C 01 
12 34 01 09 0C 01 
12 34 01 09 0C 01 
12 34 01 09 0C 01 
12 34 01 08 0C 01 
12 34 01 08 0C 01 
12 34 01 08 0C 02 
12 34 01 08 0C 01 
12 34 01 08 0C 01 
12 34 00 08 0C 01 
12 34 00 08 0C 01 
12 34 01 08 0C 01 
12 34 01 08 0B 01 
12 34 01 08 0B 01 
12 34 01 08 0B 01 
12 34 00 08 0B 01 
12 34 00 08 0B 01 
12 34 00 08 0B 01 
12 34 00 08 0B 01 
12 34 00 08 0B 01 
12 34 00 08 0B 01 
12 34 00 08 0B 02 
12 34 01 08 0B 01 
12 34 01 08 0B 01 
12 34 00 07 0B 02 
12 34 00 07 0B 02 
12 34 00 07 0A 01 
12 34 00 07 0A 01 
12 34 00 07 0A 02 
12 34 00 07 0A 02 
12 34 01 07 0A 01 
12 34 01 07 0A 01 
12 34 00 07 0A 02 
12 34 00 07 0A 02 
12 34 F0 07 0A 01 
12 34 00 07 0A 02 
12 34 00 07 0A 02 
12 34 01 07 0A 01 
12 34 01 07 0A 01 
12 34 00 07 0A 01 
12 34 01 07 0A 01 
12 34 01 07 0A 01 
12 34 00 07 0A 01 
12 34 00 07 0A 01 
12 34 00 07 0A 01 
12 34 00 07 0A 01 
12 34 01 07 0A 01 
12 34 01 07 0A 01 
12 34 01 07 0A 01 
12 34 00 07 0A 01 
12 34 00 07 09 01 
12 34 00 07 09 01 
12 34 01 07 09 01 
12 34 01 07 09 01 
12 34 00 07 09 01 
12 34 00 07 09 01 
12 34 00 07 09 11 
12 34 00 07 09 11 
12 34 00 07 09 11 
12 34 00 07 09 01 
12 34 00 07 09 01 
12 34 00 07 09 01 
12 34 00 07 09 01 
12 34 01 07 09 01 
12 34 01 07 09 01 
12 34 01 07 09 F2 
12 34 00 07 09 02 
12 34 00 07 09 02 
12 34 01 07 09 01 
12 34 01 07 09 01 
12 34 01 07 09 01 
12 34 00 07 09 01 
12 34 00 07 09 01 
12 34 00 07 09 01 
12 34 00 07 09 01 
12 34 01 07 09 02 
12 34 01 07 09 02 
12 34 00 07 09 01 
12 34 00 07 09 01 
12 34 00 07 09 01 
12 34 01 07 09 02 
12 34 00 07 09 02 
12 34 00 07 09 02 
12 34 01 07 09 01 
12 34 01 07 09 01 
12 34 00 07 09 02 
12 34 00 07 09 02 
12 34 10 07 09 02 
12 34 10 07 09 02 
12 34 01 07 09 01 
12 34 01 07 09 01 
12 34 00 07 09 02 
12 34 00 07 09 02 
12 34 00 07 09 01 
12 34 00 07 09 01 
12 34 01 07 09 01 
12 34 00 07 09 02 
12 34 00 07 09 02 
12 34 00 07 09 01 
12 34 00 07 09 01 
12 34 01 07 09 01 
12 34 01 07 09 01 
12 34 01 07 09 02 
12 34 01 07 09 01 
12 34 00 07 09 02 
12 34 00 07 09 02 
12 34 00 07 09 01 
12 34 00 07 09 01 
12 34 00 07 09 01 
12 34 10 07 09 01 
12 34 00 07 09 02 
12 34 00 07 09 01 
12 34 00 07 09 01 
12 34 01 07 09 01 
12 34 01 07 09 01 
12 34 00 07 09 11 
12 34 00 07 09 11 
12 34 00 07 09 01 
12 34 00 07 09 01 
12 34 01 07 09 02 
12 34 01 07 09 02 
12 34 01 07 09 01 
12 34 01 07 09 01 
12 34 01 07 09 01 
12 34 0F 07 09 01 
12 34 0F 07 09 01 
12 34 0F 07 09 01 
12 34 00 07 09 02 
12 34 00 07 09 02 
12 34 01 07 09 00 
12 34 00 07 09 01 
12 34 00 07 09 01 
12 34 00 07 09 01 
12 34 00 07 09 01 
12 34 01 07 09 02 
12 34 01 07 09 02 
12 34 00 07 09 11 
12 34 00 07 09 11 
12 34 01 07 08 01 
12 34 01 07 08 01 
12 34 01 07 08 01 
12 34 01 07 08 01 
12 34 01 07 08 01 
12 34 01 07 08 01 
12 34 01 07 08 02 
12 34 01 07 08 02 
12 34 00 06 08 01 
12 34 00 06 08 01 
12 34 10 06 08 01 
12 34 10 06 08 01 
12 34 00 06 08 01 
12 34 00 06 08 01 
12 34 01 06 08 01 
12 34 01 06 08 01 
12 34 00 06 08 02 
12 34 01 06 08 01 
12 34 01 06 08 01 
12 34 00 06 08 02 
12 34 00 06 08 02 
12 34 F0 06 08 01 
12 34 F0 06 08 01 
12 34 00 06 08 01 
12 34 00 06 08 F1 
12 34 00 06 08 01 
12 34 00 06 08 01 
12 34 00 06 08 01 
12 34 00 06 08 02 
12 34 00 06 08 02 
12 34 00 06 08 11 
12 34 00 06 08 01 
12 34 00 06 08 01 
12 34 00 06 08 01 
12 34 01 06 08 01 
12 34 01 06 08 01 
12 34 00 06 08 01 
12 34 00 06 08 01 
12 34 00 06 08 01 
12 34 00 06 08 01 
12 34 00 06 08 01 
12 34 00 06 08 01 
12 34 F1 06 08 01 
12 34 F1 06 08 01 
12 34 00 06 08 02 
12 34 01 06 08 01 
12 34 01 06 08 01 
12 34 00 06 08 01 
12 34 00 06 08 01 
12 34 00 05 08 01 
12 34 00 05 08 01 
12 34 01 05 08 01 
12 34 01 05 08 02 
12 34 01 05 08 02 
12 34 01 05 08 02 
12 34 00 05 08 01 
12 34 00 05 08 01 
12 34 01 05 08 02 
12 34 01 05 08 02 
12 34 00 05 08 02 
12 34 00 05 08 01 
12 34 00 05 08 02 
12 34 00 05 08 02 
12 34 F0 05 08 01 
12 34 F0 05 08 01 
12 34 F0 05 08 01 
12 34 F0 05 08 01 
12 34 02 05 08 F2 
12 34 02 05 08 F2 
12 34 00 05 08 01 
12 34 00 05 08 01 
12 34 00 05 08 01 
12 34 00 05 08 01 
12 34 01 05 08 02 
12 34 01 05 08 02 
12 34 01 05 08 01 
12 34 00 05 08 02 
12 34 00 05 08 02 
12 34 00 05 08 01 
12 34 00 05 08 01 
12 34 00 05 08 02 
12 34 00 05 08 02 
12 34 01 05 08 01 
12 34 00 05 08 02 
12 34 00 05 08 01 
12 34 00 05 08 01 
12 34 F1 05 08 F1 
12 34 00 05 08 02 
12 34 00 05 08 02 
12 34 00 05 08 01 
12 34 00 05 08 01 
12 34 01 05 08 02 
12 34 01 05 08 02 
12 34 00 05 08 01 
12 34 00 05 08 01 
12 34 00 05 08 01 
12 34 00 05 08 01 
12 34 01 05 08 02 
12 34 01 05 08 02 
12 34 01 05 08 11 
12 34 01 05 08 11 
12 34 01 05 08 01 
12 34 01 05 08 01 
12 34 00 05 08 01 
12 34 00 05 08 01 
12 34 00 05 08 01 
12 34 01 05 08 01 
12 34 01 05 08 01 
12 34 10 05 08 01 
12 34 10 05 08 01 
12 34 01 05 08 01 
12 34 01 05 08 01 
12 34 01 05 08 01 
12 34 01 05 08 02 
12 34 01 05 08 02 
12 34 00 05 08 01 
12 34 00 05 08 01 
12 34 00 05 08 01 
12 34 01 05 08 02 
12 34 01 05 08 01 
12 34 01 05 08 01 
12 34 01 05 08 01 
12 34 01 05 08 01 
12 34 01 05 08 01 
12 34 01 05 08 01 
12 34 01 05 08 02 
12 34 01 05 08 02 
12 34 01 05 08 01 
12 34 01 05 08 01 
12 34 01 05 08 01 
12 34 01 05 08 01 
12 34 01 05 08 F1 
12 34 01 05 08 F1 
12 34 01 05 08 01 
12 34 01 05 08 01 
12 34 00 05 08 01 

